

##
JavaScript
BSTinsert
11
29264 6995 26 40
countingSort
1
28716 6787 20 41
insertionSort
3
29644 6915 15 42
mergeSort
4
30416 7170 3 32
##
Swift
countingSort
0.31006336212158203
112908 10253 6 8
insertionSort
2.0749568939208984
112392 10197 9 20
mergeSort
0.8369684219360352
114324 10573 11 18
##
C
BSTinsert
0.000428
1708 68 1 1
BSTremove
0.000089
1740 67 1 1
countingSort
0.000650
1688 63 2 1
insertionSort
0.000599
1636 61 1 1
mergeSort
0.000124
1712 64 2 1
##
C++
countingSort
0.016332
3556 129 0 1
insertionSort
0.72541
3628 129 0 1
mergeSort
0.13158
3568 129 0 1
##
Kotlin
BSTinsert
15
44140 5237 113 461
BSTremove
1
43964 5202 81 431
countingSort
0
39612 3914 58 434
insertionSort
7
40916 4260 77 417
mergeSort
21
43520 5120 76 432
##
Java
BSTinsert
2.0
85764 14653 487 1460

BSTremove
1.0
86328 15216 734 1848

countingSort
0.0
83696 14931 669 1768

insertionSort
7.0
85560 15251 726 1757

mergeSort
2.0
85820 14727 566 1719

